world: ab0fadff-60ab-430f-b890-e8b58df931dd
world-name: world
x: -2540.3873538914117
y: 71.0
z: 4286.561371513526
yaw: -89.58821105957031
pitch: -2.5353586673736572
name: barn
lastowner: 694565c1-1aca-4a47-8679-6acbc4f975eb
