world: ab0fadff-60ab-430f-b890-e8b58df931dd
world-name: world
x: -2627.7557501176307
y: 64.0
z: 4289.519394026141
yaw: 62.23419952392578
pitch: 10.240473747253418
name: base
lastowner: 694565c1-1aca-4a47-8679-6acbc4f975eb
