world: ab0fadff-60ab-430f-b890-e8b58df931dd
world-name: world
x: -2480.7983481933666
y: 63.0
z: 4376.300000011921
yaw: -1.0702998638153076
pitch: -1.790950059890747
name: castle
lastowner: 694565c1-1aca-4a47-8679-6acbc4f975eb
