world: ab0fadff-60ab-430f-b890-e8b58df931dd
world-name: world
x: -2666.603407089461
y: 84.0
z: 4397.487500011921
yaw: 90.2044448852539
pitch: 0.25625744462013245
name: tradehall
lastowner: 694565c1-1aca-4a47-8679-6acbc4f975eb
